35
32
3
31
44
29
45
43
38
27
38
33
55
47
45
37
5
43
41
52
34
53
39
32
37
43
39
35
44
38
24
23
31
44
38
5
38
51
31
31
51
36
45
51
34
52
47
45
46
39
48
37
35
52
42
45
39
37
3
35
28
45
34
36
5
44
39
32
39
45
43
39
31
27
3
42
46
41
36
45
46
43
38
34
35
56
36
32
5
41
39
41
47
34
36
33
35
38
38
34
53
34
34
38
35
32
42
34
46
3
46
45
54
34
37
35
4
42
58
51
32
35
38
33
39
47
38
52
3
34
4
35
42
41
42
38
24
34
43
36
55
41
45
41
37
43
39
33
43
4
38
45
46
34
35
48
51
36
33
46
42
48
34
41
35
4
34
3
36
4
39
45
38
47
33
3
42
43
41
41
59
43
45
38
37
45
42
57
46
51
41
47
26
35
44
41
42
36
45
45
45
47
38
42
35
36
39
45
43
47
36
41
5
39
41
46
64
45
34
38
44
48
46
44
37
39
44
45
33
44
38
46
46
4
39
44
48
5
41
42
51
41
44
38
68
4
42
51
44
45
36
57
44
42
53
42
34
4
56
44
53
55
39
59
55
73
55
44
43
4
47
51
56
49
54
56
47
44
43
42
45
5
48
43
4
59
41
42
51
49
45
43
42
38
47
38
36
42
35
28
44
36
45
46
48
49
43
42
59
45
52
46
42
4
4
45
35
35
4
39
33
42
47
51
44
4
57
49
45
49
51
46
44
52
45
32
46
41
34
33
36
49
43
43
34
39
35
52
47
52
39
4
42
42
53
39
4
38
44
34
37
52
48
55
5
