100
100
100
99
98
97
96
94
92
90
88
85
83
80
76
73
70
66
62
58
54
50
45
41
36
32
27
22
17
12
7
2
-3
-8
-13
-18
-23
-28
-32
-37
-42
-46
-50
-55
-59
-63
-67
-70
-74
-77
-80
-83
-86
-88
-90
-92
-94
-96
-97
-98
-99
-100
-100
-100
-100
-99
-99
-98
-97
-95
-94
-92
-90
-87
-85
-82
-79
-76
-73
-69
-65
-62
-57
-53
-49
-45
-40
-35
-31
-26
-21
-16
-11
-6
-1
4
9
14
19
24
28
33
38
42
47
51
55
60
63
67
71
74
78
81
83
86
89
91
93
95
96
97
98
99
100
100
100
100
99
99
98
96
95
93
91
89
87
84
82
79
75
72
68
65
61
57
53
48
44
39
35
30
25
20
15
10
5
0
-5
-10
-15
-19
-24
-29
-34
-39
-43
-48
-52
-56
-60
-64
-68
-71
-75
-78
-81
-84
-87
-89
-91
-93
-95
-96
-97
-98
-99
-100
-100
-100
-100
-99
-98
-97
-96
-95
-93
-91
-89
-87
-84
-81
-78
-75
-71
-68
-64
-60
-56
-52
-48
-43
-39
-34
-29
-24
-19
-15
-10
-5
0
5
10
15
20
25
30
35
39
44
48
53
57
61
65
68
72
75
79
82
84
87
89
91
93
95
96
98
99
99
100
100
100
100
99
98
97
96
94
93
91
89
86
83
81
78
74
71
67
63
59
55
51
47
42
38
33
28
23
19
14
9
4
-1
-6
-11
-16
-21
-26
-31
-35
-40
-45
-49
-53
-58
-62
-65
-69
-73
-76
-79
-82
-85
-87
-90
-92
-94
-95
-97
-98
-99
-99
-100
-100
-100
-100
-99
-98
-97
-96
-94
-92
-90
-88
-86
-83
-80
-77
-74
-70
-67
-63
-59
-55
-50
-46
-42
-37
-32
-28
-23
-18
-13
-8
-3
2
7
12
17
22
27
32
36
41
45
50
54
58
62
66
70
73
77
80
83
85
88
90
92
94
96
97
98
99
100
100
100
100
99
99
98
97
96
94
92
90
88
85
83
80
76
73
70
66
62
58
54
50
45
41
36
31
27
22
17
12
7
2
-3
-8
-13
-18
-23
-28
-32
-37
-42
-46
-51
-55
-59
-63
-67
-70
-74
-77
-80
-83
-86
-88
-90
-92
-94
-96
-97
-98
-99
-100
-100
-100
-100
-99
-99
-98
-97
-95
-94
-92
-90
-87
-85
-82
-79
-76
-73
-69
-65
-61
-57
-53
-49
-45
-40
-35
-31
-26
-21
-16
-11
-6
-1
4
9
14
19
24
28
33
38
42
47
51
55
60
64
67
71
74
78
81
83
86
89
91
93
95
96
97
98
99
100
100
100
100
99
99
98
96
95
93
91
89
87
84
82
79
75
72
68
65
61
57
53
48
44
39
35
30
25
20
15
10
5
0
-5
-10
-15
-20
-24
-29
-34
-39
-43
-48
-52
-56
-60
-64
-68
-71
-75
-78
-81
-84
-87
-89
-91
-93
-95
-96
-97
-98
-99
-100
-100
-100
-100
-99
-98
-97
-96
-95
-93
-91
-89
-86
-84
-81
-78
-75
-71
-68
-64
-60
-56
-52
-48
-43
-38
-34
-29
-24
-19
-14
-9
-5
0
5
10
15
20
25
30
35
39
44
48
53
57
61
65
69
72
75
79
82
84
87
89
91
93
95
96
98
99
99
100
100
100
100
99
98
97
96
94
93
91
89
86
83
81
78
74
71
67
63
59
55
51
47
42
38
33
28
23
19
14
9
4
-1
-6
-11
-16
-21
-26
-31
-36
-40
-45
-49
-53
-58
-62
-65
-69
-73
-76
-79
-82
-85
-87
-90
-92
-94
-95
-97
-98
-99
-99
-100
-100
-100
-100
-99
-98
-97
-96
-94
-92
-90
-88
-86
-83
-80
-77
-74
-70
-67
-63
-59
-55
-50
-46
-42
-37
-32
-27
-23
-18
-13
-8
-3
2
7
12
17
22
27
32
36
41
45
50
54
58
62
66
70
73
77
80
83
85
88
90
92
94
96
97
98
99
100
100
100
100
99
99
98
97
96
94
92
90
88
85
82
80
76
73
70
66
62
58
54
50
45
41
36
31
27
22
17
12
7
2
-3
-8
-13
-18
-23
-28
-32
-37
-42
-46
-51
-55
-59
-63
-67
-70
-74
-77
-80
-83
-86
-88
-90
-92
-94
-96
-97
-98
-99
-100
-100
-100
-100
-99
-99
-98
-97
-95
-94
-92
-90
-87
-85
-82
-79
-76
-73
-69
-65
-61
-57
-53
-49
-45
-40
-35
-31
-26
-21
-16
-11
-6
-1
4
9
14
19
24
28
33
38
42
47
51
56
60
64
67
71
74
78
81
84
86
89
91
93
95
96
97
98
99
100
100
100
100
99
99
98
96
95
93
91
89
87
84
82
79
75
72
68
65
61
57
53
48
44
39
35
30
25
20
15
10
5
0
-5
-10
-15
-20
-24
-29
-34
-39
-43
-48
-52
-56
-60
-64
-68
-72
-75
-78
-81
-84
-87
-89
-91
-93
-95
-96
-98
-98
-99
-100
-100
-100
-100
-99
-98
-97
-96
-95
-93
-91
-89
-86
-84
-81
-78
-75
-71
-68
-64
-60
-56
-52
-47
-43
-38
-34
-29
-24
-19
-14
-9
-4
1
6
11
15
20
25
30
35
39
44
48
53
57
61
65
69
72
75
79
82
84
87
89
91
93
95