1.000
0.995
0.980
0.955
0.921
0.878
0.825
0.765
0.697
0.622
0.540
0.454
0.362
0.267
0.170
0.071
-0.029
-0.129
-0.227
-0.323
-0.416
-0.505
-0.589
-0.666
-0.737
-0.801
-0.857
-0.904
-0.942
-0.971
-0.990
-0.999
-0.998
-0.987
-0.967
-0.936
-0.897
-0.848
-0.791
-0.726
-0.654
-0.575
-0.490
-0.401
-0.307
-0.211
-0.112
-0.012
0.087
0.187
0.284
0.378
0.469
0.554
0.635
0.709
0.776
0.835
0.886
0.927
0.960
0.983
0.997
1.000
0.993
0.977
0.950
0.914
0.869
0.816
0.754
0.685
0.608
0.526
0.439
0.347
0.251
0.153
0.054
-0.046
-0.146
-0.244
-0.339
-0.431
-0.519
-0.602
-0.679
-0.749
-0.811
-0.865
-0.911
-0.948
-0.975
-0.992
-1.000
-0.997
-0.985
-0.962
-0.930
-0.889
-0.839
-0.781
-0.714
-0.641
-0.561
-0.476
-0.385
-0.291
-0.194
-0.095
0.004
0.104
0.203
0.300
0.393
0.483
0.568
0.648
0.720
0.786
0.844
0.893
0.934
0.965
0.986
0.998
0.999
0.991
0.973
0.945
0.907
0.861
0.806
0.743
0.672
0.595
0.512
0.423
0.331
0.235
0.137
0.037
-0.063
-0.162
-0.260
-0.355
-0.446
-0.534
-0.615
-0.691
-0.760
-0.821
-0.874
-0.918
-0.953
-0.978
-0.994
-1.000
-0.996
-0.982
-0.958
-0.924
-0.881
-0.830
-0.770
-0.702
-0.628
-0.547
-0.461
-0.370
-0.275
-0.178
-0.079
0.021
0.121
0.219
0.316
0.409
0.498
0.582
0.660
0.732
0.796
0.853
0.901
0.940
0.969
0.989
0.999
0.999
0.989
0.969
0.939
0.900
0.852
0.796
0.731
0.660
0.581
0.497
0.408
0.315
0.219
0.120
0.020
-0.080
-0.179
-0.276
-0.371
-0.461
-0.548
-0.629
-0.703
-0.771
-0.830
-0.882
-0.924
-0.958
-0.982
-0.996
-1.000
-0.994
-0.978
-0.953
-0.918
-0.873
-0.820
-0.759
-0.690
-0.615
-0.533
-0.446
-0.354
-0.259
-0.161
-0.062
0.038
0.138
0.236
0.332
0.424
0.512
0.596
0.673
0.743
0.806
0.861
0.908
0.945
0.973
0.991
0.999
0.998
0.986
0.964
0.933
0.893
0.843
0.786
0.720
0.647
0.568
0.483
0.393
0.299
0.202
0.103
0.004
-0.096
-0.195
-0.292
-0.386
-0.476
-0.562
-0.642
-0.715
-0.781
-0.840
-0.890
-0.931
-0.963
-0.985
-0.997
-1.000
-0.992
-0.975
-0.947
-0.911
-0.865
-0.811
-0.748
-0.678
-0.601
-0.519
-0.431
-0.338
-0.243
-0.145
-0.045
0.055
0.154
0.252
0.347
0.439
0.527
0.609
0.685
0.754
0.816
0.870
0.915
0.951
0.977
0.993
1.000
0.996
0.983
0.960
0.927
0.885
0.834
0.775
0.708
0.634
0.554
0.468
0.377
0.283
0.186
0.087
-0.013
-0.113
-0.212
-0.308
-0.402
-0.491
-0.576
-0.654
-0.727
-0.792
-0.849
-0.897
-0.937
-0.967
-0.988
-0.998
-0.999
-0.990
-0.971
-0.942
-0.904
-0.856
-0.801
-0.737
-0.666
-0.588
-0.504
-0.415
-0.322
-0.226
-0.128
-0.028
0.072
0.171
0.268
0.363
0.454
0.541
0.622
0.697
0.765
0.826
0.878
0.921
0.956
0.980
0.995
1.000
0.995
0.980
0.955
0.921
0.877
0.825
0.764
0.696
0.621
0.540
0.453
0.362
0.267
0.169
0.070
-0.030
-0.130
-0.228
-0.324
-0.417
-0.506
-0.589
-0.667
-0.738
-0.802
-0.857
-0.904
-0.943
-0.971
-0.990
-0.999
-0.998
-0.987
-0.967
-0.936
-0.896
-0.848
-0.790
-0.725
-0.653
-0.574
-0.489
-0.400
-0.306
-0.210
-0.111
-0.012
0.088
0.187
0.285
0.379
0.469
0.555
0.635
0.709
0.776
0.835
0.886
0.928
0.960
0.983
0.997
1.000
0.993
0.976
0.950
0.914
0.869
0.815
0.753
0.684
0.608
0.525
0.438
0.346
0.250
0.152
0.053
-0.047
-0.146
-0.244
-0.340
-0.432
-0.520
-0.603
-0.679
-0.749
-0.812
-0.866
-0.911
-0.948
-0.975
-0.992
-1.000
-0.997
-0.985
-0.962
-0.930
-0.889
-0.839
-0.780
-0.714
-0.640
-0.560
-0.475
-0.385
-0.290
-0.193
-0.095
0.005
0.105
0.204
0.301
0.394
0.484
0.569
0.648
0.721
0.787
0.844
0.894
0.934
0.965
0.986
0.998
0.999
0.991
0.973
0.945
0.907
0.861
0.805
0.742
0.672
0.594
0.511
0.423
0.330
0.234
0.136
0.036
-0.064
-0.163
-0.261
-0.356
-0.447
-0.534
-0.616
-0.692
-0.760
-0.821
-0.874
-0.918
-0.953
-0.979
-0.994
-1.000
-0.996
-0.981
-0.957
-0.924
-0.881
-0.829
-0.769
-0.702
-0.627
-0.546
-0.460
-0.369
-0.274
-0.177
-0.078
0.022
0.122
0.220
0.317
0.410
0.499
0.583
0.661
0.733
0.797
0.853
0.901
0.940
0.969
0.989
0.999
0.999
0.989
0.969
0.939
0.900
0.852
0.795
0.731
0.659
0.581
0.496
0.407
0.314
0.218
0.119
0.019
-0.080
-0.180
-0.277
-0.371
-0.462
-0.548
-0.629
-0.704
-0.771
-0.831
-0.882
-0.925
-0.958
-0.982
-0.996
-1.000
-0.994
-0.978
-0.952
-0.917
-0.873
-0.820
-0.759
-0.690
-0.614
-0.532
-0.445
-0.353
-0.258
-0.160
-0.061
0.039
0.138
0.237
0.332
0.425
0.513
0.596
0.674
0.744
0.807
0.862
0.908
0.945
0.973
0.991
0.999
0.998
0.986
0.964
0.933
0.892
0.843
0.785
0.719
0.646
0.567
0.482
0.392
0.298
0.201
0.102
0.003
-0.097
-0.196
-0.293
-0.387
-0.477
-0.562
-0.642
-0.716
-0.782
-0.840
-0.890
-0.931
-0.963
-0.985
-0.997
-1.000
-0.992
-0.974
-0.947
-0.910
-0.865
-0.810
-0.747
-0.677
-0.601
-0.518
-0.430
-0.337
-0.242
-0.144
-0.044
0.056
0.155
0.253
0.348
0.440
0.528
0.610
0.686
0.755
0.817
0.870
0.915
0.951
0.977
0.993
1.000
0.996
0.983
0.960
0.927
0.885
0.834
0.774
0.707
0.633
0.553
0.467
0.376
0.282
0.185
0.086
-0.014
-0.114
-0.213
-0.309
-0.402
-0.492
-0.576
-0.655
-0.727
-0.792
-0.849
-0.898
-0.937
-0.967
-0.988
-0.998
-0.999
-0.990
-0.971
-0.942
-0.903
-0.856
-0.800
-0.736
-0.665
-0.587
-0.503
-0.415
-0.322
-0.225
-0.127
-0.027
0.073
0.172
0.269
0.364
0.455
0.542
0.623
0.698
0.766
0.826
0.878
0.922
0.956
0.980
0.995
1.000
0.995
0.980
0.955
0.920
0.877
0.824
0.764
0.695
0.620
0.539
0.452
0.361
0.266
0.168
0.069
-0.031
-0.131
-0.229
-0.325
-0.418
-0.506
-0.590
-0.668
-0.739
-0.802
-0.858
-0.905
-0.943
-0.971
-0.990
-0.999
-0.998
-0.987
-0.966
-0.936
-0.896
-0.847
-0.790
-0.725
-0.652
-0.573
-0.489
-0.399
-0.306
-0.209
-0.110
-0.011
0.089
0.188
0.285
0.380
0.470
0.556
0.636
0.710
0.777
0.836
0.886
0.928
0.961
0.984
0.997
1.000
0.993
0.976
0.950
0.914
0.869
0.815
0.753
0.683
0.607
0.525
0.437
0.345
0.250
0.152
0.052
-0.048
-0.147
-0.245
-0.341
-0.433
-0.521
-0.603
-0.680
-0.750
-0.812
-0.866
-0.912
-0.948
-0.975
-0.992
-1.000
-0.997
-0.984
-0.962
-0.930
-0.888
-0.838
-0.779
-0.713
-0.639
-0.560
-0.474
-0.384
-0.290
-0.193
-0.094
0.006
0.106
0.205
0.301
0.395
0.485
0.570
0.649
0.722
0.787
0.845
0.894
0.934
0.965
0.986
0.998
0.999
0.991
0.972
0.944
0.907
0.860
0.805
0.742
0.671
0.593
0.510
0.422
0.329
0.233
0.135
0.035
-0.065
-0.164
-0.262
-0.357
-0.448
-0.535
-0.617
-0.692
-0.761
-0.822
-0.875
-0.919
-0.953
-0.979
-0.994
-1.000
-0.996
-0.981
-0.957
-0.923
-0.881
-0.829
-0.769
-0.701
-0.626
-0.545
-0.459
-0.368
-0.273
-0.176
-0.077
0.023
0.123
0.221
0.317
0.411
0.499
0.583
0.662
0.733
0.797
0.854
0.901
0.940
0.969
0.989
0.999
0.999
0.988
0.968
0.939
0.899
0.851
0.795
0.730
0.658
0.580
0.496
0.406
0.313
0.217
0.118
0.019
-0.081
-0.180
-0.278
-0.372
-0.463
-0.549
-0.630
-0.704
-0.772
-0.831
-0.883
-0.925
-0.958
-0.982
-0.996
-1.000
-0.994
-0.978
-0.952
-0.917
-0.872
-0.819
-0.758
-0.689
-0.613
-0.531
-0.444
-0.352
-0.257
-0.159
-0.060
0.040
0.139
0.238
0.333
0.426
0.514
0.597
0.674
0.745
0.807
