1.000
0.999
0.995
0.989
0.980
0.969
0.955
0.939
0.921
0.900
0.878
0.853
0.825
0.796
0.765
0.732
0.697
0.660
0.622
0.582
0.540
0.498
0.454
0.408
0.362
0.315
0.267
0.219
0.170
0.121
0.071
0.021
-0.029
-0.079
-0.129
-0.178
-0.227
-0.276
-0.323
-0.370
-0.416
-0.461
-0.505
-0.547
-0.589
-0.628
-0.666
-0.703
-0.737
-0.770
-0.801
-0.830
-0.857
-0.882
-0.904
-0.924
-0.942
-0.958
-0.971
-0.982
-0.990
-0.996
-0.999
-1.000
-0.998
-0.994
-0.987
-0.978
-0.967
-0.953
-0.936
-0.918
-0.897
-0.874
-0.848
-0.821
-0.791
-0.759
-0.726
-0.691
-0.654
-0.615
-0.575
-0.533
-0.490
-0.446
-0.401
-0.355
-0.307
-0.259
-0.211
-0.162
-0.112
-0.062
-0.012
0.038
0.087
0.137
0.187
0.235
0.284
0.331
0.378
0.424
0.469
0.512
0.554
0.595
0.635
0.673
0.709
0.743
0.776
0.806
0.835
0.861
0.886
0.908
0.927
0.945
0.960
0.973
0.983
0.991
0.997
0.999
1.000
0.998
0.993
0.986
0.977
0.965
0.950
0.933
0.914
0.893
0.869
0.844
0.816
0.786
0.754
0.720
0.685
0.647
0.608
0.568
0.526
0.483
0.439
0.393
0.347
0.299
0.251
0.203
0.153
0.104
0.054
0.004
-0.046
-0.096
-0.146
-0.195
-0.244
-0.292
-0.339
-0.386
-0.431
-0.476
-0.519
-0.561
-0.602
-0.641
-0.679
-0.715
-0.749
-0.781
-0.811
-0.839
-0.865
-0.889
-0.911
-0.931
-0.948
-0.962
-0.975
-0.985
-0.992
-0.997
-1.000
-1.000
-0.997
-0.992
-0.985
-0.975
-0.962
-0.948
-0.930
-0.911
-0.889
-0.865
-0.839
-0.811
-0.781
-0.748
-0.714
-0.678
-0.641
-0.602
-0.561
-0.519
-0.476
-0.431
-0.385
-0.339
-0.291
-0.243
-0.194
-0.145
-0.095
-0.046
0.004
0.054
0.104
0.154
0.203
0.252
0.300
0.347
0.393
0.439
0.483
0.526
0.568
0.609
0.648
0.685
0.720
0.754
0.786
0.816
0.844
0.870
0.893
0.915
0.934
0.950
0.965
0.977
0.986
0.993
0.998
1.000
0.999
0.997
0.991
0.983
0.973
0.960
0.945
0.927
0.907
0.885
0.861
0.834
0.806
0.775
0.743
0.708
0.672
0.634
0.595
0.554
0.512
0.468
0.423
0.378
0.331
0.283
0.235
0.186
0.137
0.087
0.037
-0.013
-0.063
-0.113
-0.162
-0.211
-0.260
-0.308
-0.355
-0.401
-0.446
-0.491
-0.534
-0.575
-0.615
-0.654
-0.691
-0.726
-0.760
-0.791
-0.821
-0.848
-0.874
-0.897
-0.918
-0.937
-0.953
-0.967
-0.978
-0.988
-0.994
-0.998
-1.000
-0.999
-0.996
-0.990
-0.982
-0.971
-0.958
-0.942
-0.924
-0.904
-0.881
-0.857
-0.830
-0.801
-0.770
-0.737
-0.702
-0.666
-0.628
-0.588
-0.547
-0.504
-0.461
-0.416
-0.370
-0.323
-0.275
-0.227
-0.178
-0.128
-0.079
-0.029
0.021
0.071
0.121
0.170
0.219
0.268
0.316
0.363
0.409
0.454
0.498
0.541
0.582
0.622
0.660
0.697
0.732
0.765
0.796
0.826
0.853
0.878
0.901
0.921
0.940
0.955
0.969
0.980
0.989
0.995
0.999
1.000
0.999
0.995
0.989
0.980
0.969
0.955
0.939
0.921
0.900
0.877
0.852
0.825
0.796
0.765
0.731
0.696
0.660
0.621
0.581
0.540
0.497
0.453
0.408
0.362
0.315
0.267
0.219
0.170
0.120
0.070
0.020
-0.030
-0.080
-0.129
-0.179
-0.228
-0.276
-0.324
-0.371
-0.417
-0.461
-0.505
-0.548
-0.589
-0.629
-0.667
-0.703
-0.738
-0.771
-0.801
-0.830
-0.857
-0.882
-0.904
-0.924
-0.942
-0.958
-0.971
-0.982
-0.990
-0.996
-0.999
-1.000
-0.998
-0.994
-0.987
-0.978
-0.967
-0.953
-0.936
-0.918
-0.897
-0.873
-0.848
-0.820
-0.791
-0.759
-0.726
-0.690
-0.653
-0.615
-0.574
-0.533
-0.490
-0.446
-0.400
-0.354
-0.307
-0.259
-0.210
-0.161
-0.112
-0.062
-0.012
0.038
0.088
0.138
0.187
0.236
0.284
0.332
0.378
0.424
0.469
0.512
0.555
0.596
0.635
0.673
0.709
0.743
0.776
0.806
0.835
0.861
0.886
0.908
0.928
0.945
0.960
0.973
0.983
0.991
0.997
0.999
1.000
0.998
0.993
0.986
0.976
0.964
0.950
0.933
0.914
0.893
0.869
0.843
0.815
0.786
0.754
0.720
0.684
0.647
0.608
0.568
0.526
0.483
0.438
0.393
0.346
0.299
0.251
0.202
0.153
0.103
0.054
0.004
-0.046
-0.096
-0.146
-0.195
-0.244
-0.292
-0.340
-0.386
-0.432
-0.476
-0.520
-0.562
-0.602
-0.642
-0.679
-0.715
-0.749
-0.781
-0.811
-0.840
-0.866
-0.890
-0.911
-0.931
-0.948
-0.963
-0.975
-0.985
-0.992
-0.997
-1.000
-1.000
-0.997
-0.992
-0.985
-0.975
-0.962
-0.947
-0.930
-0.911
-0.889
-0.865
-0.839
-0.811
-0.780
-0.748
-0.714
-0.678
-0.640
-0.601
-0.561
-0.519
-0.475
-0.431
-0.385
-0.338
-0.291
-0.243
-0.194
-0.145
-0.095
-0.045
0.005
0.055
0.105
0.154
0.203
0.252
0.300
0.347
0.394
0.439
0.484
0.527
0.569
0.609
0.648
0.685
0.721
0.754
0.786
0.816
0.844
0.870
0.893
0.915
0.934
0.951
0.965
0.977
0.986
0.993
0.998
1.000
0.999
0.996
0.991
0.983
0.973
0.960
0.945
0.927
0.907
0.885
0.861
0.834
0.806
0.775
0.742
0.708
0.672
0.634
0.595
0.554
0.511
0.468
0.423
0.377
0.330
0.283
0.235
0.186
0.136
0.087
0.037
-0.013
-0.063
-0.113
-0.163
-0.212
-0.260
-0.308
-0.355
-0.402
-0.447
-0.491
-0.534
-0.576
-0.616
-0.654
-0.691
-0.727
-0.760
-0.792
-0.821
-0.849
-0.874
-0.897
-0.918
-0.937
-0.953
-0.967
-0.979
-0.988
-0.994
-0.998
-1.000
-0.999
-0.996
-0.990
-0.982
-0.971
-0.958
-0.942
-0.924
-0.904
-0.881
-0.856
-0.830
-0.801
-0.770
-0.737
-0.702
-0.666
-0.627
-0.588
-0.547
-0.504
-0.460
-0.415
-0.369
-0.322
-0.275
-0.226
-0.177
-0.128
-0.078
-0.028
0.022
0.072
0.121
0.171
0.220
0.268
0.316
0.363
0.409
0.454
0.498
0.541
0.582
0.622
0.661
0.697
0.732
0.765
0.797
0.826
0.853
0.878
0.901
0.921
0.940
0.956
0.969
0.980
0.989
0.995
0.999
1.000
0.999
0.995
0.989
0.980
0.969
0.955
0.939
0.921
0.900
0.877
0.852
0.825
0.796
0.764
0.731
0.696
0.659
0.621
0.581
0.540
0.497
0.453
0.408
0.362
0.314
0.267
0.218
0.169
0.120
0.070
0.020
-0.030
-0.080
-0.130
-0.179
-0.228
-0.276
-0.324
-0.371
-0.417
-0.462
-0.506
-0.548
-0.589
-0.629
-0.667
-0.703
-0.738
-0.771
-0.802
-0.831
-0.857
-0.882
-0.904
-0.925
-0.943
-0.958
-0.971
-0.982
-0.990
-0.996
-0.999
-1.000
-0.998
-0.994
-0.987
-0.978
-0.967
-0.953
-0.936
-0.917
-0.896
-0.873
-0.848
-0.820
-0.790
-0.759
-0.725
-0.690
-0.653
-0.614
-0.574
-0.532
-0.489
-0.445
-0.400
-0.354
-0.306
-0.259
-0.210
-0.161
-0.111
-0.061
-0.012
0.038
0.088
0.138
0.187
0.236
0.285
0.332
0.379
0.425
0.469
0.513
0.555
0.596
0.635
0.673
0.709
0.744
0.776
0.807
0.835
0.862
0.886
0.908
0.928
0.945
0.960
0.973
0.983
0.991
0.997
0.999
1.000
0.998
0.993
0.986
0.976
0.964
0.950
0.933
0.914
0.893
0.869
0.843
0.815
0.785
0.753
0.720
0.684
0.647
0.608
0.567
0.525
0.482
0.438
0.392
0.346
0.298
0.250
0.202
0.152
0.103
0.053
0.003
-0.047
-0.097
-0.146
-0.196
-0.244
-0.293
-0.340
-0.387
-0.432
-0.477
-0.520
-0.562
-0.603
-0.642
-0.679
-0.715
-0.749
-0.781
-0.812
-0.840
-0.866
-0.890
-0.911
-0.931
-0.948
-0.963
-0.975
-0.985
-0.992
-0.997
-1.000
-1.000
-0.997
-0.992
-0.985
-0.975
-0.962
-0.947
-0.930
-0.911
-0.889
-0.865
-0.839
-0.810
-0.780
-0.748
-0.714
-0.678
-0.640
-0.601
-0.560
-0.518
-0.475
-0.430
-0.385
-0.338
-0.290
-0.242
-0.193
-0.144
-0.095
-0.045
0.005
0.055
0.105
0.155
0.204
0.253
0.301
0.348
0.394
0.440
0.484
0.527
0.569
0.609
0.648
0.686
0.721
0.755
0.787
0.816
0.844
0.870
0.894
0.915
0.934
0.951
