0.000
0.100
0.199
0.296
0.389
0.479
0.565
0.644
0.717
0.783
0.841
0.891
0.932
0.964
0.985
0.997
1.000
0.992
0.974
0.946
0.909
0.863
0.808
0.746
0.675
0.598
0.516
0.427
0.335
0.239
0.141
0.042
-0.058
-0.158
-0.256
-0.351
-0.443
-0.530
-0.612
-0.688
-0.757
-0.818
-0.872
-0.916
-0.952
-0.978
-0.994
-1.000
-0.996
-0.982
-0.959
-0.926
-0.883
-0.832
-0.773
-0.706
-0.631
-0.551
-0.465
-0.374
-0.279
-0.182
-0.083
0.017
0.117
0.215
0.312
0.405
0.494
0.578
0.657
0.729
0.794
0.850
0.899
0.938
0.968
0.988
0.999
0.999
0.989
0.970
0.941
0.902
0.855
0.798
0.734
0.663
0.585
0.501
0.412
0.319
0.223
0.124
0.025
-0.075
-0.174
-0.272
-0.366
-0.458
-0.544
-0.625
-0.700
-0.768
-0.828
-0.880
-0.923
-0.957
-0.981
-0.995
-1.000
-0.995
-0.979
-0.954
-0.919
-0.875
-0.823
-0.762
-0.694
-0.618
-0.537
-0.450
-0.358
-0.263
-0.166
-0.066
0.034
0.133
0.232
0.327
0.420
0.509
0.592
0.670
0.740
0.804
0.859
0.906
0.944
0.972
0.991
0.999
0.998
0.987
0.966
0.935
0.895
0.846
0.788
0.723
0.650
0.571
0.486
0.397
0.303
0.206
0.108
0.008
-0.092
-0.191
-0.288
-0.382
-0.472
-0.558
-0.638
-0.712
-0.778
-0.837
-0.888
-0.929
-0.961
-0.984
-0.997
-1.000
-0.993
-0.976
-0.949
-0.913
-0.867
-0.813
-0.751
-0.681
-0.605
-0.522
-0.435
-0.342
-0.247
-0.149
-0.050
0.050
0.150
0.248
0.343
0.435
0.523
0.606
0.682
0.752
0.814
0.868
0.913
0.949
0.976
0.993
1.000
0.997
0.984
0.961
0.929
0.887
0.837
0.778
0.711
0.637
0.557
0.472
0.381
0.287
0.190
0.091
-0.009
-0.109
-0.207
-0.304
-0.398
-0.487
-0.572
-0.651
-0.723
-0.789
-0.846
-0.895
-0.935
-0.966
-0.987
-0.998
-0.999
-0.990
-0.972
-0.943
-0.906
-0.859
-0.803
-0.740
-0.669
-0.591
-0.508
-0.419
-0.327
-0.231
-0.132
-0.033
0.067
0.166
0.264
0.359
0.450
0.537
0.619
0.694
0.763
0.823
0.876
0.920
0.954
0.979
0.995
1.000
0.995
0.981
0.956
0.922
0.879
0.827
0.767
0.699
0.624
0.543
0.457
0.366
0.271
0.173
0.074
-0.026
-0.125
-0.224
-0.320
-0.413
-0.502
-0.586
-0.664
-0.735
-0.799
-0.855
-0.903
-0.941
-0.970
-0.989
-0.999
-0.998
-0.988
-0.968
-0.938
-0.898
-0.850
-0.793
-0.728
-0.656
-0.578
-0.493
-0.404
-0.311
-0.214
-0.116
-0.016
0.084
0.183
0.280
0.375
0.465
0.551
0.632
0.706
0.773
0.833
0.884
0.926
0.959
0.983
0.996
1.000
0.994
0.977
0.951
0.916
0.871
0.818
0.756
0.687
0.611
0.529
0.442
0.350
0.255
0.157
0.057
-0.042
-0.142
-0.240
-0.336
-0.428
-0.516
-0.599
-0.676
-0.746
-0.809
-0.864
-0.910
-0.947
-0.974
-0.992
-1.000
-0.997
-0.985
-0.963
-0.932
-0.891
-0.841
-0.783
-0.717
-0.644
-0.564
-0.479
-0.389
-0.295
-0.198
-0.099
0.001
0.101
0.200
0.296
0.390
0.480
0.565
0.645
0.718
0.784
0.842
0.892
0.932
0.964
0.986
0.998
1.000
0.992
0.974
0.946
0.909
0.863
0.808
0.745
0.675
0.598
0.515
0.427
0.334
0.238
0.140
0.041
-0.059
-0.159
-0.256
-0.352
-0.443
-0.531
-0.613
-0.688
-0.757
-0.819
-0.872
-0.917
-0.952
-0.978
-0.994
-1.000
-0.996
-0.982
-0.959
-0.925
-0.883
-0.832
-0.772
-0.705
-0.631
-0.550
-0.464
-0.373
-0.279
-0.181
-0.082
0.018
0.117
0.216
0.312
0.406
0.495
0.579
0.658
0.730
0.794
0.851
0.899
0.938
0.968
0.988
0.999
0.999
0.989
0.970
0.940
0.902
0.854
0.798
0.734
0.662
0.584
0.500
0.411
0.318
0.222
0.124
0.024
-0.076
-0.175
-0.273
-0.367
-0.458
-0.545
-0.626
-0.701
-0.768
-0.828
-0.880
-0.923
-0.957
-0.981
-0.996
-1.000
-0.994
-0.979
-0.954
-0.919
-0.875
-0.822
-0.761
-0.693
-0.617
-0.536
-0.449
-0.357
-0.262
-0.165
-0.065
0.035
0.134
0.232
0.328
0.421
0.509
0.593
0.670
0.741
0.804
0.860
0.906
0.944
0.972
0.991
0.999
0.998
0.987
0.965
0.935
0.894
0.845
0.788
0.722
0.650
0.570
0.486
0.396
0.302
0.206
0.107
0.007
-0.093
-0.192
-0.289
-0.383
-0.473
-0.559
-0.639
-0.712
-0.779
-0.838
-0.888
-0.929
-0.962
-0.984
-0.997
-1.000
-0.993
-0.975
-0.949
-0.912
-0.867
-0.813
-0.750
-0.681
-0.604
-0.522
-0.434
-0.342
-0.246
-0.148
-0.049
0.051
0.151
0.249
0.344
0.436
0.524
0.606
0.683
0.752
0.814
0.868
0.913
0.949
0.976
0.993
1.000
0.997
0.984
0.961
0.928
0.887
0.836
0.777
0.711
0.637
0.557
0.471
0.380
0.286
0.189
0.090
-0.010
-0.110
-0.208
-0.305
-0.398
-0.488
-0.573
-0.652
-0.724
-0.789
-0.847
-0.896
-0.936
-0.966
-0.987
-0.998
-0.999
-0.990
-0.972
-0.943
-0.905
-0.858
-0.803
-0.739
-0.668
-0.591
-0.507
-0.419
-0.326
-0.230
-0.131
-0.032
0.068
0.167
0.265
0.360
0.451
0.538
0.620
0.695
0.763
0.824
0.876
0.920
0.955
0.980
0.995
1.000
0.995
0.981
0.956
0.922
0.879
0.827
0.767
0.699
0.624
0.543
0.456
0.365
0.270
0.173
0.073
-0.027
-0.126
-0.225
-0.321
-0.414
-0.503
-0.586
-0.664
-0.736
-0.800
-0.856
-0.903
-0.941
-0.970
-0.990
-0.999
-0.998
-0.988
-0.967
-0.937
-0.898
-0.850
-0.793
-0.728
-0.656
-0.577
-0.493
-0.403
-0.310
-0.213
-0.115
-0.015
0.085
0.184
0.281
0.376
0.466
0.552
0.633
0.707
0.774
0.833
0.884
0.926
0.959
0.983
0.996
1.000
0.993
0.977
0.951
0.915
0.871
0.817
0.756
0.686
0.610
0.528
0.441
0.349
0.254
0.156
0.057
-0.043
-0.143
-0.241
-0.337
-0.429
-0.517
-0.600
-0.677
-0.747
-0.810
-0.864
-0.910
-0.947
-0.974
-0.992
-1.000
-0.997
-0.985
-0.963
-0.931
-0.890
-0.841
-0.782
-0.716
-0.643
-0.563
-0.478
-0.388
-0.294
-0.197
-0.098
0.002
0.102
0.200
0.297
0.391
0.481
0.566
0.646
0.719
0.784
0.842
0.892
0.933
0.964
0.986
0.998
1.000
0.991
0.973
0.946
0.909
0.862
0.807
0.745
0.674
0.597
0.514
0.426
0.333
0.238
0.139
0.040
-0.060
-0.159
-0.257
-0.352
-0.444
-0.531
-0.613
-0.689
-0.758
-0.819
-0.872
-0.917
-0.952
-0.978
-0.994
-1.000
-0.996
-0.982
-0.958
-0.925
-0.883
-0.831
-0.772
-0.704
-0.630
-0.549
-0.463
-0.372
-0.278
-0.180
-0.081
0.019
0.118
0.217
0.313
0.406
0.496
0.580
0.658
0.730
0.795
0.851
0.899
0.939
0.968
0.988
0.999
0.999
0.989
0.969
0.940
0.901
0.854
0.797
0.733
0.662
0.583
0.499
0.410
0.317
0.221
0.123
0.023
-0.077
-0.176
-0.273
-0.368
-0.459
-0.546
-0.626
-0.701
-0.769
-0.829
-0.881
-0.923
-0.957
-0.981
-0.996
-1.000
-0.994
-0.979
-0.953
-0.919
-0.875
-0.822
-0.761
-0.692
-0.617
-0.535
-0.448
-0.357
-0.262
-0.164
-0.065
0.035
0.135
0.233
0.329
0.422
0.510
0.594
0.671
0.742
0.805
0.860
0.907
0.944
0.972
0.991
0.999
0.998
0.986
0.965
0.934
0.894
0.845
0.787
0.722
0.649
0.570
0.485
0.395
0.301
0.205
0.106
0.006
-0.094
-0.193
-0.290
-0.384
-0.474
-0.560
-0.639
-0.713
-0.779
-0.838
-0.888
-0.930
-0.962
-0.984
-0.997
-1.000
-0.992
-0.975
-0.948
-0.912
-0.866
-0.812
-0.750
-0.680
-0.603
-0.521
-0.433
-0.341
-0.245
-0.147
-0.048
0.052
0.152
0.250
0.345
0.437
0.525
0.607
0.683
0.753
0.815
0.869
0.914
0.950
0.976
0.993
1.000
0.997
0.984
0.961
0.928
0.886
0.836
0.777
0.710
0.636
0.556
0.470
0.380
0.285
0.188
0.089
-0.011
-0.110
-0.209
-0.306
-0.399
-0.489
-0.573
-0.652
-0.725
-0.790
-0.847
-0.896
-0.936
-0.966
-0.987
-0.998
-0.999
-0.990
-0.971
-0.943
-0.905
-0.858
-0.802
-0.739
-0.668
-0.590
